#Layer_Color=32768
#
#Feature symbol names
#
$0 r3.937
$1 r1.9685
$2 r6

#
#Feature attribute names
#

#
#Layer features
#
L 0.8161515 3.8238856 0.8161515 4.1348856 2 P 0
L 0.8161515 3.8238856 1.0621515 3.8238856 2 P 0
L 0.8161515 4.1348856 1.0621515 4.1348856 2 P 0
L 0.8822047 6.4296457 0.8822047 7.7208661 0 P 0
L 0.8822047 6.4296457 1.9740945 6.4296457 0 P 0
L 0.8822047 7.7208661 1.9740945 7.7208661 0 P 0
L 0.8857908 3.200318 0.8857908 3.355 2 P 0
L 0.8857908 3.200318 1.0154768 3.200318 2 P 0
L 0.8857908 3.355 1.0154768 3.355 2 P 0
L 0.9643474 6.0656821 1.3618128 6.5393631 0 P 0
L 0.9643474 6.0656821 2.031984 5.1698283 0 P 0
L 1.0154768 3.200318 1.0154768 3.355 2 P 0
L 1.0621515 3.8238856 1.0621515 4.1348856 2 P 0
L 1.35 3.200318 1.35 3.355 2 P 0
L 1.35 3.200318 1.479686 3.200318 2 P 0
L 1.35 3.355 1.479686 3.355 2 P 0
L 1.3618128 6.5393631 2.4294494 5.6435095 0 P 0
L 1.479686 3.200318 1.479686 3.355 2 P 0
L 1.9740945 6.4296457 1.9740945 7.7208661 0 P 0
L 1.9803145 3.195314 1.9803145 3.349996 2 P 0
L 1.9803145 3.195314 2.1100005 3.195314 2 P 0
L 1.9803145 3.349996 2.1100005 3.349996 2 P 0
L 2.031984 5.1698283 2.4294494 5.6435095 0 P 0
L 2.1100005 3.195314 2.1100005 3.349996 2 P 0
L 2.1155504 6.0383799 2.5130158 6.5120608 0 P 0
L 2.1155504 6.0383799 3.1831871 5.1425263 0 P 0
L 2.3764961 6.395315 2.3764961 7.6865354 0 P 0
L 2.3764961 6.395315 3.4683859 6.395315 0 P 0
L 2.3764961 7.6865354 3.4683859 7.6865354 0 P 0
L 2.5130158 6.5120608 3.5806526 5.6162072 0 P 0
L 2.67 3.200158 2.67 3.35484 2 P 0
L 2.67 3.200158 2.799686 3.200158 2 P 0
L 2.67 3.35484 2.799686 3.35484 2 P 0
L 2.799686 3.200158 2.799686 3.35484 2 P 0
L 3.175 3.195314 3.175 3.349996 2 P 0
L 3.175 3.195314 3.304686 3.195314 2 P 0
L 3.175 3.349996 3.304686 3.349996 2 P 0
L 3.1831871 5.1425263 3.5806526 5.6162072 0 P 0
L 3.304686 3.195314 3.304686 3.349996 2 P 0
L 3.4683859 6.395315 3.4683859 7.6865354 0 P 0
L 3.5281162 2.3990551 3.5281162 3.8039764 0 P 0
L 3.5281162 2.3990551 5.6895336 2.3990551 0 P 0
L 3.5281162 3.8039764 5.6895336 3.8039764 0 P 0
L 3.9199606 6.0176772 3.9199606 6.7023228 0 P 0
L 3.9199606 6.0176772 4.5101181 6.0176772 0 P 0
L 3.9199606 6.7023228 4.5101181 6.7023228 0 P 0
L 3.9271653 6.6776772 3.9271653 7.3623228 0 P 0
L 3.9271653 6.6776772 4.5173228 6.6776772 0 P 0
L 3.9271653 7.3623228 4.5173228 7.3623228 0 P 0
L 3.9699606 5.1655906 3.9699606 5.8502362 0 P 0
L 3.9699606 5.1655906 4.5601181 5.1655906 0 P 0
L 3.9699606 5.8502362 4.5601181 5.8502362 0 P 0
L 4.4575 6.1807132 4.4575 6.4707132 2 P 0
L 4.4575 6.1807132 5.2625 6.1807132 2 P 0
L 4.4575 6.4707132 5.2625 6.4707132 2 P 0
L 4.4775 6.855 4.4775 7.145 2 P 0
L 4.4775 6.855 5.2825 6.855 2 P 0
L 4.4775 7.145 5.2825 7.145 2 P 0
L 4.5101181 6.0176772 4.5101181 6.7023228 0 P 0
L 4.5173228 6.6776772 4.5173228 7.3623228 0 P 0
L 4.5325 5.385 4.5325 5.675 2 P 0
L 4.5325 5.385 5.3375 5.385 2 P 0
L 4.5325 5.675 5.3375 5.675 2 P 0
L 4.5601181 5.1655906 4.5601181 5.8502362 0 P 0
L 4.748126 4.3081732 4.748126 4.3518268 2 P 0
L 4.748126 4.3081732 4.7818111 4.3081732 2 P 0
L 4.748126 4.3518268 4.7818111 4.3518268 2 P 0
L 4.7522992 4.1381732 4.7522992 4.1818268 2 P 0
L 4.7522992 4.1381732 4.7859843 4.1381732 2 P 0
L 4.7522992 4.1818268 4.7859843 4.1818268 2 P 0
L 4.7818111 4.2934252 4.7818111 4.3081732 2 P 0
L 4.7818111 4.2934252 4.9140157 4.2934252 2 P 0
L 4.7818111 4.3518268 4.7818111 4.3665748 2 P 0
L 4.7818111 4.3665748 4.9140157 4.3665748 2 P 0
L 4.7859843 4.1234252 4.7859843 4.1381732 2 P 0
L 4.7859843 4.1234252 4.9181889 4.1234252 2 P 0
L 4.7859843 4.1818268 4.7859843 4.1965748 2 P 0
L 4.7859843 4.1965748 4.9181889 4.1965748 2 P 0
L 4.8721654 4.413261 4.8721654 4.5530248 1 P 0
L 4.8721654 4.413261 5.0178346 4.413261 1 P 0
L 4.8721654 4.5530248 5.0178346 4.5530248 1 P 0
L 4.9140157 4.2934252 4.9140157 4.3081732 2 P 0
L 4.9140157 4.3081732 4.9477008 4.3081732 2 P 0
L 4.9140157 4.3518268 4.9140157 4.3665748 2 P 0
L 4.9140157 4.3518268 4.9477008 4.3518268 2 P 0
L 4.9181889 4.1234252 4.9181889 4.1381732 2 P 0
L 4.9181889 4.1381732 4.951874 4.1381732 2 P 0
L 4.9181889 4.1818268 4.9181889 4.1965748 2 P 0
L 4.9181889 4.1818268 4.951874 4.1818268 2 P 0
L 4.9477008 4.3081732 4.9477008 4.3518268 2 P 0
L 4.951874 4.1381732 4.951874 4.1818268 2 P 0
L 5.0178346 4.413261 5.0178346 4.5530248 1 P 0
L 5.1833464 4.5022834 5.1833464 4.5967716 0 P 0
L 5.1833464 4.5022834 5.2266535 4.5022834 0 P 0
L 5.1833464 4.5967716 5.2266535 4.5967716 0 P 0
L 5.1862992 4.5495275 5.2237008 4.5495275 0 P 0
L 5.205 4.5308268 5.205 4.5682283 0 P 0
L 5.2266535 4.5022834 5.2266535 4.5967716 0 P 0
L 5.2488583 6.0061418 5.2488583 6.7970867 0 P 0
L 5.2488583 6.0061418 5.8405906 6.0061418 0 P 0
L 5.2488583 6.7970867 5.8405906 6.7970867 0 P 0
L 5.2625 6.1807132 5.2625 6.4707132 2 P 0
L 5.2825 6.855 5.2825 7.145 2 P 0
L 5.3375 5.385 5.3375 5.675 2 P 0
L 5.5887906 4.294724 5.5887906 4.405276 2 P 0
L 5.5887906 4.294724 5.6015866 4.294724 2 P 0
L 5.5887906 4.405276 5.6015866 4.405276 2 P 0
L 5.6015866 4.258308 5.6015866 4.294724 2 P 0
L 5.6015866 4.258308 5.6380046 4.258308 2 P 0
L 5.6015866 4.405276 5.6015866 4.441694 2 P 0
L 5.6015866 4.441694 5.6380046 4.441694 2 P 0
L 5.6380046 4.245512 5.6380046 4.258308 2 P 0
L 5.6380046 4.245512 5.7485546 4.245512 2 P 0
L 5.6380046 4.441694 5.6380046 4.454488 2 P 0
L 5.6380046 4.454488 5.7485546 4.454488 2 P 0
L 5.6607988 4.6174415 5.6607988 4.6587795 0 P 0
L 5.6607988 4.6174415 5.7513488 4.6174415 0 P 0
L 5.6607988 4.6587795 5.7513488 4.6587795 0 P 0
L 5.6873728 4.6381115 5.7247748 4.6381115 0 P 0
L 5.6895336 2.3990551 5.6895336 3.8039764 0 P 0
L 5.7060728 4.6194095 5.7060728 4.6568115 0 P 0
L 5.7485546 4.245512 5.7485546 4.258308 2 P 0
L 5.7485546 4.258308 5.7849726 4.258308 2 P 0
L 5.7485546 4.441694 5.7485546 4.454488 2 P 0
L 5.7485546 4.441694 5.7849726 4.441694 2 P 0
L 5.7513488 4.6174415 5.7513488 4.6587795 0 P 0
L 5.7849726 4.258308 5.7849726 4.294724 2 P 0
L 5.7849726 4.294724 5.7977686 4.294724 2 P 0
L 5.7849726 4.405276 5.7849726 4.441694 2 P 0
L 5.7849726 4.405276 5.7977686 4.405276 2 P 0
L 5.7977686 4.294724 5.7977686 4.405276 2 P 0
L 5.813346 4.942164 5.813346 5.034684 0 P 0
L 5.813346 4.942164 5.856652 4.942164 0 P 0
L 5.813346 5.034684 5.856652 5.034684 0 P 0
L 5.816298 4.988424 5.8537 4.988424 0 P 0
L 5.835 4.969724 5.835 5.007126 0 P 0
L 5.8405906 6.0061418 5.8405906 6.7970867 0 P 0
L 5.8432674 6.63563 5.8432674 6.71437 0 P 0
L 5.8432674 6.63563 5.9889374 6.63563 0 P 0
L 5.8432674 6.71437 5.9889374 6.71437 0 P 0
L 5.856652 4.942164 5.856652 5.034684 0 P 0
L 5.859566 6.1727146 5.859566 6.2081466 1 P 0
L 5.859566 6.1727146 5.930434 6.1727146 1 P 0
L 5.859566 6.2081466 5.930434 6.2081466 1 P 0
L 5.884174 6.1904306 5.905826 6.1904306 0 P 0
L 5.894566 6.2342506 5.894566 6.2696826 1 P 0
L 5.894566 6.2342506 5.965434 6.2342506 1 P 0
L 5.894566 6.2696826 5.965434 6.2696826 1 P 0
L 5.8949594 4.9437392 5.8949594 5.0362592 0 P 0
L 5.8949594 4.9437392 5.9382654 4.9437392 0 P 0
L 5.8949594 5.0362592 5.9382654 5.0362592 0 P 0
L 5.894998 3.200322 5.894998 3.355004 2 P 0
L 5.894998 3.200322 6.024684 3.200322 2 P 0
L 5.894998 3.355004 6.024684 3.355004 2 P 0
L 5.895 6.1796046 5.895 6.2012566 0 P 0
L 5.8964174 6.675 5.9357874 6.675 0 P 0
L 5.8979114 4.9899992 5.9353134 4.9899992 0 P 0
L 5.915236 6.388856 5.915236 6.591612 1 P 0
L 5.915236 6.388856 6.117992 6.388856 1 P 0
L 5.915236 6.591612 6.117992 6.591612 1 P 0
L 5.9161034 6.655314 5.9161034 6.694684 0 P 0
L 5.9166134 4.9712992 5.9166134 5.0087012 0 P 0
L 5.919174 6.2519666 5.940826 6.2519666 0 P 0
L 5.93 6.2411406 5.93 6.2627926 0 P 0
L 5.930434 6.1727146 5.930434 6.2081466 1 P 0
L 5.9382654 4.9437392 5.9382654 5.0362592 0 P 0
L 5.965434 6.2342506 5.965434 6.2696826 1 P 0
L 5.9758474 6.090744 5.9758474 6.161612 1 P 0
L 5.9758474 6.090744 6.0112794 6.090744 1 P 0
L 5.9758474 6.161612 6.0112794 6.161612 1 P 0
L 5.9783488 4.9437428 5.9783488 5.0362608 0 P 0
L 5.9783488 4.9437428 6.0216548 4.9437428 0 P 0
L 5.9783488 5.0362608 6.0216548 5.0362608 0 P 0
L 5.9813008 4.9900008 6.0187028 4.9900008 0 P 0
L 5.9827374 6.126178 6.0043894 6.126178 0 P 0
L 5.9889374 6.63563 5.9889374 6.71437 0 P 0
L 5.9935634 6.115352 5.9935634 6.137004 0 P 0
L 5.99693 6.490234 6.0363 6.490234 0 P 0
L 6.0000008 4.9713008 6.0000008 5.0087028 0 P 0
L 6.0112794 6.090744 6.0112794 6.161612 1 P 0
L 6.016614 6.470548 6.016614 6.509918 0 P 0
L 6.0216548 4.9437428 6.0216548 5.0362608 0 P 0
L 6.024684 3.200322 6.024684 3.355004 2 P 0
L 6.0372834 6.094996 6.0372834 6.165864 1 P 0
L 6.0372834 6.094996 6.0727154 6.094996 1 P 0
L 6.0372834 6.165864 6.0727154 6.165864 1 P 0
L 6.0397252 5.89433 6.0397252 5.93567 0 P 0
L 6.0397252 5.89433 6.1302772 5.89433 0 P 0
L 6.0397252 5.93567 6.1302772 5.93567 0 P 0
L 6.040619 6.6872832 6.040619 6.7227152 1 P 0
L 6.040619 6.6872832 6.111485 6.6872832 1 P 0
L 6.040619 6.7227152 6.111485 6.7227152 1 P 0
L 6.0425969 5.8303155 6.0425969 5.8696855 1 P 0
L 6.0425969 5.8303155 6.1174009 5.8303155 1 P 0
L 6.0425969 5.8696855 6.1174009 5.8696855 1 P 0
L 6.0441734 6.13043 6.0658254 6.13043 0 P 0
L 6.0475969 5.7503155 6.0475969 5.7896855 1 P 0
L 6.0475969 5.7503155 6.1224009 5.7503155 1 P 0
L 6.0475969 5.7896855 6.1224009 5.7896855 1 P 0
L 6.0549994 6.119604 6.0549994 6.141256 0 P 0
L 6.065225 6.7049992 6.086879 6.7049992 0 P 0
L 6.0662992 5.915 6.1037012 5.915 0 P 0
L 6.0691729 5.8499995 6.0908269 5.8499995 0 P 0
L 6.0717322 5.4275983 6.0717322 5.5024003 1 P 0
L 6.0717322 5.4275983 6.1111022 5.4275983 1 P 0
L 6.0717322 5.5024003 6.1111022 5.5024003 1 P 0
L 6.0727154 6.094996 6.0727154 6.165864 1 P 0
L 6.0733468 4.943742 6.0733468 5.03626 0 P 0
L 6.0733468 4.943742 6.1166528 4.943742 0 P 0
L 6.0733468 5.03626 6.1166528 5.03626 0 P 0
L 6.0741729 5.7699995 6.0958269 5.7699995 0 P 0
L 6.076053 6.6941732 6.076053 6.7158252 0 P 0
L 6.0762988 4.99 6.1137008 4.99 0 P 0
L 6.0799989 5.8391735 6.0799989 5.8608275 0 P 0
L 6.0805922 5.4649983 6.1022442 5.4649983 0 P 0
L 6.0849989 5.7591735 6.0849989 5.7808275 0 P 0
L 6.0850012 5.8963 6.0850012 5.9337 0 P 0
L 6.0914182 5.4541723 6.0914182 5.4758263 0 P 0
L 6.0949988 4.9713 6.0949988 5.008702 0 P 0
L 6.09685 6.007284 6.09685 6.042716 1 P 0
L 6.09685 6.007284 6.167716 6.007284 1 P 0
L 6.09685 6.042716 6.167716 6.042716 1 P 0
L 6.1111022 5.4275983 6.1111022 5.5024003 1 P 0
L 6.111485 6.6872832 6.111485 6.7227152 1 P 0
L 6.1166528 4.943742 6.1166528 5.03626 0 P 0
L 6.1174009 5.8303155 6.1174009 5.8696855 1 P 0
L 6.117992 6.388856 6.117992 6.591612 1 P 0
L 6.1187 5.252202 6.1187 5.775824 0 P 0
L 6.1187 5.252202 6.642322 5.252202 0 P 0
L 6.1187 5.775824 6.642322 5.775824 0 P 0
L 6.121458 6.025 6.14311 6.025 0 P 0
L 6.1224009 5.7503155 6.1224009 5.7896855 1 P 0
L 6.1302772 5.89433 6.1302772 5.93567 0 P 0
L 6.132284 6.014174 6.132284 6.035826 0 P 0
L 6.135314 6.5325988 6.135314 6.6074028 1 P 0
L 6.135314 6.5325988 6.174686 6.5325988 1 P 0
L 6.135314 6.6074028 6.174686 6.6074028 1 P 0
L 6.144174 6.5700008 6.165826 6.5700008 0 P 0
L 6.155 6.5591748 6.155 6.5808268 0 P 0
L 6.165472 6.16106 6.165472 6.2398 0 P 0
L 6.165472 6.16106 6.311142 6.16106 0 P 0
L 6.165472 6.2398 6.311142 6.2398 0 P 0
L 6.167716 6.007284 6.167716 6.042716 1 P 0
L 6.1683468 4.945548 6.1683468 5.038066 0 P 0
L 6.1683468 4.945548 6.2116528 4.945548 0 P 0
L 6.1683468 5.038066 6.2116528 5.038066 0 P 0
L 6.1712988 4.991806 6.2087008 4.991806 0 P 0
L 6.174686 6.5325988 6.174686 6.6074028 1 P 0
L 6.1899988 4.973106 6.1899988 5.010508 0 P 0
L 6.192244 3.215314 6.192244 3.369996 2 P 0
L 6.192244 3.215314 6.32193 3.215314 2 P 0
L 6.192244 3.369996 6.32193 3.369996 2 P 0
L 6.205314 6.5325988 6.205314 6.6074028 1 P 0
L 6.205314 6.5325988 6.244686 6.5325988 1 P 0
L 6.205314 6.6074028 6.244686 6.6074028 1 P 0
L 6.2116528 4.945548 6.2116528 5.038066 0 P 0
L 6.214174 6.5700008 6.235826 6.5700008 0 P 0
L 6.218622 6.20043 6.257992 6.20043 0 P 0
L 6.225 6.5591748 6.225 6.5808268 0 P 0
L 6.238308 6.180744 6.238308 6.220114 0 P 0
L 6.244686 6.5325988 6.244686 6.6074028 1 P 0
L 6.245592 4.943972 6.245592 5.03649 0 P 0
L 6.245592 4.943972 6.288898 4.943972 0 P 0
L 6.245592 5.03649 6.288898 5.03649 0 P 0
L 6.248544 4.99023 6.285946 4.99023 0 P 0
L 6.264566 6.270432 6.264566 6.305864 1 P 0
L 6.264566 6.270432 6.335432 6.270432 1 P 0
L 6.264566 6.305864 6.335432 6.305864 1 P 0
L 6.267244 4.97153 6.267244 5.008932 0 P 0
L 6.272598 5.870314 6.272598 5.909684 1 P 0
L 6.272598 5.870314 6.3474 5.870314 1 P 0
L 6.272598 5.909684 6.3474 5.909684 1 P 0
L 6.288898 4.943972 6.288898 5.03649 0 P 0
L 6.289172 6.288148 6.310826 6.288148 0 P 0
L 6.299172 5.89 6.320826 5.89 0 P 0
L 6.3 6.277322 6.3 6.298974 0 P 0
L 6.31 5.879174 6.31 5.900826 0 P 0
L 6.311142 6.16106 6.311142 6.2398 0 P 0
L 6.32193 3.215314 6.32193 3.369996 2 P 0
L 6.33114 4.3580286 6.33114 4.5096026 0 P 0
L 6.33114 4.3580286 6.402008 4.3580286 0 P 0
L 6.33114 4.5096026 6.402008 4.5096026 0 P 0
L 6.335432 6.270432 6.335432 6.305864 1 P 0
L 6.346888 4.4338146 6.38626 4.4338146 0 P 0
L 6.3474 5.870314 6.3474 5.909684 1 P 0
L 6.357284 5.8777144 6.357284 5.9485804 1 P 0
L 6.357284 5.8777144 6.392716 5.8777144 1 P 0
L 6.357284 5.9485804 6.392716 5.9485804 1 P 0
L 6.360826 5.514014 6.400196 5.514014 0 P 0
L 6.364174 5.9131464 6.385826 5.9131464 0 P 0
L 6.366574 4.4141306 6.366574 4.4535006 0 P 0
L 6.372636 5.0870038 6.372636 5.1283438 0 P 0
L 6.372636 5.0870038 6.463188 5.0870038 0 P 0
L 6.372636 5.1283438 6.463188 5.1283438 0 P 0
L 6.375 5.9023204 6.375 5.9239744 0 P 0
L 6.380512 5.494328 6.380512 5.533698 0 P 0
L 6.3826772 4.932988 6.3826772 4.972358 1 P 0
L 6.3826772 4.932988 6.4574812 4.932988 1 P 0
L 6.3826772 4.972358 6.4574812 4.972358 1 P 0
L 6.3826772 5.0075585 6.3826772 5.0469285 1 P 0
L 6.3826772 5.0075585 6.4574812 5.0075585 1 P 0
L 6.3826772 5.0469285 6.4574812 5.0469285 1 P 0
L 6.392716 5.8777144 6.392716 5.9485804 1 P 0
L 6.399212 5.1076738 6.436614 5.1076738 0 P 0
L 6.402008 4.3580286 6.402008 4.5096026 0 P 0
L 6.4092532 4.952674 6.4309052 4.952674 0 P 0
L 6.4092532 5.0272445 6.4309052 5.0272445 0 P 0
L 6.417912 5.0889738 6.417912 5.1263738 0 P 0
L 6.4200792 4.941846 6.4200792 4.9635 0 P 0
L 6.4200792 5.0164165 6.4200792 5.0380705 0 P 0
L 6.4574812 4.932988 6.4574812 4.972358 1 P 0
L 6.4574812 5.0075585 6.4574812 5.0469285 1 P 0
L 6.463188 5.0870038 6.463188 5.1283438 0 P 0
L 6.4637352 5.134918 6.4637352 5.20972 1 P 0
L 6.4637352 5.134918 6.5031052 5.134918 1 P 0
L 6.4637352 5.20972 6.5031052 5.20972 1 P 0
L 6.464566 4.3596426 6.464566 4.5112166 0 P 0
L 6.464566 4.3596426 6.535434 4.3596426 0 P 0
L 6.464566 4.5112166 6.535434 4.5112166 0 P 0
L 6.4725952 5.17232 6.4942472 5.17232 0 P 0
L 6.480314 4.4354286 6.519686 4.4354286 0 P 0
L 6.4834212 5.161492 6.4834212 5.183146 0 P 0
L 6.4845672 6.3349972 6.4845672 6.3704292 1 P 0
L 6.4845672 6.3349972 6.5554332 6.3349972 1 P 0
L 6.4845672 6.3704292 6.5554332 6.3704292 1 P 0
L 6.4868532 6.272714 6.4868532 6.308146 1 P 0
L 6.4868532 6.272714 6.5577192 6.272714 1 P 0
L 6.4868532 6.308146 6.5577192 6.308146 1 P 0
L 6.490314 3.210156 6.490314 3.36484 2 P 0
L 6.490314 3.210156 6.62 3.210156 2 P 0
L 6.490314 3.36484 6.62 3.36484 2 P 0
L 6.5 4.4157446 6.5 4.4551146 0 P 0
L 6.5031052 5.134918 6.5031052 5.20972 1 P 0
L 6.5091732 6.3527132 6.5308272 6.3527132 0 P 0
L 6.5114592 6.29043 6.5331132 6.29043 0 P 0
L 6.5199992 6.3418872 6.5199992 6.3635392 0 P 0
L 6.5222852 6.279604 6.5222852 6.301256 0 P 0
L 6.535434 4.3596426 6.535434 4.5112166 0 P 0
L 6.540316 5.137598 6.540316 5.2124 1 P 0
L 6.540316 5.137598 6.579686 5.137598 1 P 0
L 6.540316 5.2124 6.579686 5.2124 1 P 0
L 6.549174 5.175 6.570826 5.175 0 P 0
L 6.5554332 6.3349972 6.5554332 6.3704292 1 P 0
L 6.5577192 6.272714 6.5577192 6.308146 1 P 0
L 6.56 5.164172 6.56 5.185826 0 P 0
L 6.579686 5.137598 6.579686 5.2124 1 P 0
L 6.580314 4.4025984 6.580314 4.4774004 1 P 0
L 6.580314 4.4025984 6.619684 4.4025984 1 P 0
L 6.580314 4.4774004 6.619684 4.4774004 1 P 0
L 6.589174 4.4399984 6.610826 4.4399984 0 P 0
L 6.6 4.4291724 6.6 4.4508264 0 P 0
L 6.619684 4.4025984 6.619684 4.4774004 1 P 0
L 6.62 3.210156 6.62 3.36484 2 P 0
L 6.642322 5.252202 6.642322 5.775824 0 P 0
L 6.698268 4.264724 6.698268 4.605276 0 P 0
L 6.698268 4.264724 6.981732 4.264724 0 P 0
L 6.698268 4.605276 6.981732 4.605276 0 P 0
L 6.7525224 5.360708 6.7525224 5.435512 1 P 0
L 6.7525224 5.360708 6.7918924 5.360708 1 P 0
L 6.7525224 5.435512 6.7918924 5.435512 1 P 0
L 6.7613804 5.39811 6.7830324 5.39811 0 P 0
L 6.7638583 3.1123229 6.7638583 3.9032678 0 P 0
L 6.7638583 3.1123229 7.3555906 3.1123229 0 P 0
L 6.7638583 3.9032678 7.3555906 3.9032678 0 P 0
L 6.7722064 5.387284 6.7722064 5.408938 0 P 0
L 6.7774786 4.0694023 6.7774786 4.1442043 1 P 0
L 6.7774786 4.0694023 6.8168486 4.0694023 1 P 0
L 6.7774786 4.1442043 6.8168486 4.1442043 1 P 0
L 6.7863386 4.1068043 6.8079906 4.1068043 0 P 0
L 6.7918924 5.360708 6.7918924 5.435512 1 P 0
L 6.7942126 5.9099986 6.7942126 5.9808646 0 P 0
L 6.7942126 5.9099986 6.9457866 5.9099986 0 P 0
L 6.7942126 5.9808646 6.9457866 5.9808646 0 P 0
L 6.7971646 4.0959763 6.7971646 4.1176303 0 P 0
L 6.805316 5.3625983 6.805316 5.4374003 1 P 0
L 6.805316 5.3625983 6.844686 5.3625983 1 P 0
L 6.805316 5.4374003 6.844686 5.4374003 1 P 0
L 6.814174 5.3999983 6.835826 5.3999983 0 P 0
L 6.8168486 4.0694023 6.8168486 4.1442043 1 P 0
L 6.820316 4.435 6.859686 4.435 0 P 0
L 6.825 5.3891723 6.825 5.4108263 0 P 0
L 6.84 4.415316 6.84 4.454686 0 P 0
L 6.8424786 4.0694023 6.8424786 4.1442043 1 P 0
L 6.8424786 4.0694023 6.8818486 4.0694023 1 P 0
L 6.8424786 4.1442043 6.8818486 4.1442043 1 P 0
L 6.8445266 5.6675972 6.8445266 5.7424012 1 P 0
L 6.8445266 5.6675972 6.8838966 5.6675972 1 P 0
L 6.8445266 5.7424012 6.8838966 5.7424012 1 P 0
L 6.844686 5.3625983 6.844686 5.4374003 1 P 0
L 6.8503146 5.9454306 6.8896846 5.9454306 0 P 0
L 6.8513386 4.1068023 6.8729906 4.1068023 0 P 0
L 6.8533846 5.7049992 6.8750386 5.7049992 0 P 0
L 6.8621646 4.0959763 6.8621646 4.1176303 0 P 0
L 6.8642106 5.6941732 6.8642106 5.7158252 0 P 0
L 6.8700006 5.9257466 6.8700006 5.9651166 0 P 0
L 6.877284 5.3945652 6.877284 5.4654312 1 P 0
L 6.877284 5.3945652 6.912716 5.3945652 1 P 0
L 6.877284 5.4654312 6.912716 5.4654312 1 P 0
L 6.8818486 4.0694023 6.8818486 4.1442043 1 P 0
L 6.8838966 5.6675972 6.8838966 5.7424012 1 P 0
L 6.884174 5.4299992 6.905826 5.4299992 0 P 0
L 6.895 5.4191712 6.895 5.4408252 0 P 0
L 6.912716 5.3945652 6.912716 5.4654312 1 P 0
L 6.9174786 4.0694023 6.9174786 4.1442043 1 P 0
L 6.9174786 4.0694023 6.9568486 4.0694023 1 P 0
L 6.9174786 4.1442043 6.9568486 4.1442043 1 P 0
L 6.9263386 4.1068023 6.9479906 4.1068023 0 P 0
L 6.9371646 4.0959763 6.9371646 4.1176303 0 P 0
L 6.945316 5.3925972 6.945316 5.4674012 1 P 0
L 6.945316 5.3925972 6.984686 5.3925972 1 P 0
L 6.945316 5.4674012 6.984686 5.4674012 1 P 0
L 6.9457866 5.9099986 6.9457866 5.9808646 0 P 0
L 6.954174 5.4299992 6.975828 5.4299992 0 P 0
L 6.9568486 4.0694023 6.9568486 4.1442043 1 P 0
L 6.965 5.4191732 6.965 5.4408252 0 P 0
L 6.970316 5.550708 6.970316 5.625512 1 P 0
L 6.970316 5.550708 7.009686 5.550708 1 P 0
L 6.970316 5.625512 7.009686 5.625512 1 P 0
L 6.979174 5.58811 7.000828 5.58811 0 P 0
L 6.9793312 3.969726 6.9793312 4.060276 0 P 0
L 6.9793312 3.969726 7.0206692 3.969726 0 P 0
L 6.9793312 4.060276 7.0206692 4.060276 0 P 0
L 6.9812992 4.015002 7.0187012 4.015002 0 P 0
L 6.981732 4.264724 6.981732 4.605276 0 P 0
L 6.984686 5.3925972 6.984686 5.4674012 1 P 0
L 6.99 5.577284 6.99 5.598936 0 P 0
L 6.999214 5.9099954 6.999214 5.9808614 0 P 0
L 6.999214 5.9099954 7.150788 5.9099954 0 P 0
L 6.999214 5.9808614 7.150788 5.9808614 0 P 0
L 6.9999992 3.9963 6.9999992 4.033702 0 P 0
L 7.009686 5.550708 7.009686 5.625512 1 P 0
L 7.0206692 3.969726 7.0206692 4.060276 0 P 0
L 7.055316 5.9454294 7.094686 5.9454294 0 P 0
L 7.05933 4.3947254 7.05933 4.4852754 0 P 0
L 7.05933 4.3947254 7.10067 4.3947254 0 P 0
L 7.05933 4.4852754 7.10067 4.4852754 0 P 0
L 7.0613 4.4400014 7.0987 4.4400014 0 P 0
L 7.075 5.9257434 7.075 5.9651134 0 P 0
L 7.075314 3.964488 7.075314 4.03929 1 P 0
L 7.075314 3.964488 7.114684 3.964488 1 P 0
L 7.075314 4.03929 7.114684 4.03929 1 P 0
L 7.08 4.4212994 7.08 4.4587014 0 P 0
L 7.084174 4.00189 7.105826 4.00189 0 P 0
L 7.095 3.991062 7.095 4.012716 0 P 0
L 7.10067 4.3947254 7.10067 4.4852754 0 P 0
L 7.114684 3.964488 7.114684 4.03929 1 P 0
L 7.139566 4.3592113 7.139566 4.5107873 0 P 0
L 7.139566 4.3592113 7.210434 4.3592113 0 P 0
L 7.139566 4.5107873 7.210434 4.5107873 0 P 0
L 7.150788 5.9099954 7.150788 5.9808614 0 P 0
L 7.155314 4.4349993 7.194686 4.4349993 0 P 0
L 7.175 4.4153133 7.175 4.4546833 0 P 0
L 7.210434 4.3592113 7.210434 4.5107873 0 P 0
L 7.2445665 4.3592134 7.2445665 4.5107874 0 P 0
L 7.2445665 4.3592134 7.3154325 4.3592134 0 P 0
L 7.2445665 4.5107874 7.3154325 4.5107874 0 P 0
L 7.2603145 4.4350014 7.2996845 4.4350014 0 P 0
L 7.2800005 4.4153154 7.2800005 4.4546854 0 P 0
L 7.3154325 4.3592134 7.3154325 4.5107874 0 P 0
L 7.3555906 3.1123229 7.3555906 3.9032678 0 P 0
S P 0
OB 1.0154758 3.200317 I
OS 0.8857903 3.200317
OS 0.8857903 3.355
OS 1.0154758 3.355
OS 1.0154758 3.200317
OE
SE
S P 0
OB 1.479686 3.200317 I
OS 1.3500005 3.200317
OS 1.3500005 3.355
OS 1.479686 3.355
OS 1.479686 3.200317
OE
SE
S P 0
OB 2.1100005 3.195313 I
OS 1.980315 3.195313
OS 1.980315 3.349996
OS 2.1100005 3.349996
OS 2.1100005 3.195313
OE
SE
S P 0
OB 3.304686 3.195313 I
OS 3.1750005 3.195313
OS 3.1750005 3.349996
OS 3.304686 3.349996
OS 3.304686 3.195313
OE
SE
S P 0
OB 6.024683 3.200321 I
OS 5.8949975 3.200321
OS 5.8949975 3.355004
OS 6.024683 3.355004
OS 6.024683 3.200321
OE
SE
S P 0
OB 6.32193 3.215313 I
OS 6.1922445 3.215313
OS 6.1922445 3.369996
OS 6.32193 3.369996
OS 6.32193 3.215313
OE
SE
S P 0
OB 2.799685 3.200157 I
OS 2.6699995 3.200157
OS 2.6699995 3.35484
OS 2.799685 3.35484
OS 2.799685 3.200157
OE
SE
S P 0
OB 6.62 3.210156 I
OS 6.4903145 3.210156
OS 6.4903145 3.364839
OS 6.62 3.364839
OS 6.62 3.210156
OE
SE
S P 0
OB 5.6015866 4.4052764 I
OS 5.6015866 4.4416935
OS 5.6380037 4.4416935
OS 5.6380037 4.4544888
OS 5.7485553 4.4544888
OS 5.7485553 4.4416935
OS 5.7849724 4.4416935
OS 5.7849724 4.4052764
OS 5.7977677 4.4052764
OS 5.7977677 4.2947248
OS 5.7849724 4.2947248
OS 5.7849724 4.2583077
OS 5.7485553 4.2583077
OS 5.7485553 4.2455124
OS 5.6380037 4.2455124
OS 5.6380037 4.2583077
OS 5.6015866 4.2583077
OS 5.6015866 4.2947248
OS 5.5887913 4.2947248
OS 5.5887913 4.4052764
OS 5.6015866 4.4052764
OE
SE
S P 0
OB 4.9181889 4.1818268 I
OS 4.951874 4.1818268
OS 4.951874 4.1381732
OS 4.9181889 4.1381732
OS 4.9181889 4.1234252
OS 4.7859843 4.1234252
OS 4.7859843 4.1381732
OS 4.7522992 4.1381732
OS 4.7522992 4.1818268
OS 4.7859843 4.1818268
OS 4.7859843 4.1965748
OS 4.9181889 4.1965748
OS 4.9181889 4.1818268
OE
SE
S P 0
OB 4.7818111 4.3081732 I
OS 4.748126 4.3081732
OS 4.748126 4.3518268
OS 4.7818111 4.3518268
OS 4.7818111 4.3665748
OS 4.9140157 4.3665748
OS 4.9140157 4.3518268
OS 4.9477008 4.3518268
OS 4.9477008 4.3081732
OS 4.9140157 4.3081732
OS 4.9140157 4.2934252
OS 4.7818111 4.2934252
OS 4.7818111 4.3081732
OE
SE
S P 0
OB 5.2825 7.145 I
OS 5.2825 6.855
OS 4.4775 6.855
OS 4.4775 7.145
OS 5.2825 7.145
OE
SE
S P 0
OB 5.2625 6.4707132 I
OS 5.2625 6.1807132
OS 4.4575 6.1807132
OS 4.4575 6.4707132
OS 5.2625 6.4707132
OE
SE
S P 0
OB 5.3375 5.675 I
OS 5.3375 5.385
OS 4.5325 5.385
OS 4.5325 5.675
OS 5.3375 5.675
OE
SE
S P 0
OB 1.0621515 3.8238856 I
OS 0.8161515 3.8238856
OS 0.8161515 4.1348856
OS 1.0621515 4.1348856
OS 1.0621515 3.8238856
OE
SE
