#Layer_Color=16711935
#
#Feature symbol names
#
$0 r20
$1 r3.937
$2 r1
$3 r7.874
$4 r3
$5 r5

#
#Feature attribute names
#
@0 .nomenclature
@1 .string
@2 .string_angle

#
#Feature attribute text strings
#
&0 \*

#
#Layer features
#
A 0.8582932 3.93 0.8582932 3.93 0.8432932 3.93 0 P 0 N
A 1.0754753 3.22516 1.0754753 3.22516 1.0604753 3.22516 0 P 0 N
A 1.5396855 3.22516 1.5396855 3.22516 1.5246855 3.22516 0 P 0 N
A 2.17 3.220156 2.17 3.220156 2.155 3.220156 0 P 0 N
A 2.8596845 3.225 2.8596845 3.225 2.8446845 3.225 0 P 0 N
A 3.3646855 3.220156 3.3646855 3.220156 3.3496855 3.220156 0 P 0 N
A 4.61 6.4657132 4.61 6.4657132 4.595 6.4657132 0 P 0 N
A 4.63 7.14 4.63 7.14 4.615 7.14 0 P 0 N
A 4.685 5.67 4.685 5.67 4.67 5.67 0 P 0 N
A 5.9929921 6.4469255 5.9929921 6.4469255 5.9733071 6.4469255 1 P 0 N
A 6.0846825 3.225164 6.0846825 3.225164 6.0696825 3.225164 0 P 0 N
A 6.3819295 3.240156 6.3819295 3.240156 6.3669295 3.240156 0 P 0 N
A 6.6799995 3.234999 6.6799995 3.234999 6.6649995 3.234999 0 P 0 N
L 0.8261515 3.8338856 0.8261515 4.1248856 2 P 0
L 0.8261515 3.8338856 1.0521515 3.8338856 2 P 0
L 0.8261515 4.1248856 1.0521515 4.1248856 2 P 0
L 0.9156328 3.21266 0.9156328 3.34266 2 P 0
L 0.9156328 3.21266 0.9856328 3.21266 2 P 0
L 0.9156328 3.34266 0.9856328 3.34266 2 P 0
L 0.959252 6.5531496 0.959252 7.6814961 3 P 0
L 0.959252 6.5531496 1.8970472 6.5531496 3 P 0
L 0.959252 7.6814961 1.8970472 7.6814961 3 P 0
L 0.9856328 3.21266 0.9856328 3.34266 2 P 0
L 1.0382364 6.0924907 1.3482422 6.4619412 3 P 0
L 1.0382364 6.0924907 2.0455546 5.2472502 3 P 0
L 1.0521515 3.8338856 1.0521515 4.1248856 2 P 0
L 1.079212 3.409802 1.079212 4.260196 1 P 0
L 1.079212 3.409802 2.480788 3.409802 1 P 0
L 1.079212 4.260196 2.480788 4.260196 1 P 0
L 1.084212 4.359802 1.084212 5.210196 1 P 0
L 1.084212 4.359802 2.485788 4.359802 1 P 0
L 1.084212 5.210196 2.485788 5.210196 1 P 0
L 1.3482422 6.4619412 2.3555605 5.6167008 3 P 0
L 1.379844 3.21266 1.379844 3.34266 2 P 0
L 1.379844 3.21266 1.449844 3.21266 2 P 0
L 1.379844 3.34266 1.449844 3.34266 2 P 0
L 1.449844 3.21266 1.449844 3.34266 2 P 0
L 1.8970472 6.5531496 1.8970472 7.6814961 3 P 0
L 2.0101585 3.207656 2.0101585 3.337656 2 P 0
L 2.0101585 3.207656 2.0801585 3.207656 2 P 0
L 2.0101585 3.337656 2.0801585 3.337656 2 P 0
L 2.0455546 5.2472502 2.3555605 5.6167008 3 P 0
L 2.0801585 3.207656 2.0801585 3.337656 2 P 0
L 2.1894394 6.0651884 2.4994453 6.434639 3 P 0
L 2.1894394 6.0651884 3.1967577 5.219948 3 P 0
L 2.4535434 6.5188189 2.4535434 7.6471654 3 P 0
L 2.4535434 6.5188189 3.3913386 6.5188189 3 P 0
L 2.4535434 7.6471654 3.3913386 7.6471654 3 P 0
L 2.480788 3.409802 2.480788 4.260196 1 P 0
L 2.485788 4.359802 2.485788 5.210196 1 P 0
L 2.4994453 6.434639 3.5067636 5.5893986 3 P 0
L 2.699842 3.2125 2.699842 3.3425 2 P 0
L 2.699842 3.2125 2.769842 3.2125 2 P 0
L 2.699842 3.3425 2.769842 3.3425 2 P 0
L 2.769842 3.2125 2.769842 3.3425 2 P 0
L 3.1967577 5.219948 3.5067636 5.5893986 3 P 0
L 3.204844 3.207656 3.204844 3.337656 2 P 0
L 3.204844 3.207656 3.274844 3.207656 2 P 0
L 3.204844 3.337656 3.274844 3.337656 2 P 0
L 3.274844 3.207656 3.274844 3.337656 2 P 0
L 3.3913386 6.5188189 3.3913386 7.6471654 3 P 0
L 3.5674863 2.4384252 3.5674863 3.7533858 3 P 0
L 3.5674863 2.4384252 5.6501635 2.4384252 3 P 0
L 3.5674863 3.7533858 5.6501635 3.7533858 3 P 0
L 3.9593307 6.1956299 3.9593307 6.5243701 3 P 0
L 3.9593307 6.1956299 4.4506693 6.1956299 3 P 0
L 3.9593307 6.5243701 4.4506693 6.5243701 3 P 0
L 3.9665354 6.8556299 3.9665354 7.1843701 3 P 0
L 3.9665354 6.8556299 4.457874 6.8556299 3 P 0
L 3.9665354 7.1843701 4.457874 7.1843701 3 P 0
L 4.0012598 6.0570472 4.0012598 6.1956299 3 P 0
L 4.0012598 6.0570472 4.1587401 6.0570472 3 P 0
L 4.0012598 6.5243701 4.0012598 6.6629528 3 P 0
L 4.0012598 6.6629528 4.1587401 6.6629528 3 P 0
L 4.0084645 6.7170472 4.0084645 6.8556299 3 P 0
L 4.0084645 6.7170472 4.1659448 6.7170472 3 P 0
L 4.0084645 7.1843701 4.0084645 7.3229528 3 P 0
L 4.0084645 7.3229528 4.1659448 7.3229528 3 P 0
L 4.0093307 5.3435433 4.0093307 5.6722835 3 P 0
L 4.0093307 5.3435433 4.5006693 5.3435433 3 P 0
L 4.0093307 5.6722835 4.5006693 5.6722835 3 P 0
L 4.0512598 5.2049606 4.0512598 5.3435433 3 P 0
L 4.0512598 5.2049606 4.2087401 5.2049606 3 P 0
L 4.0512598 5.6722835 4.0512598 5.8108662 3 P 0
L 4.0512598 5.8108662 4.2087401 5.8108662 3 P 0
L 4.1587401 6.0570472 4.1587401 6.1956299 3 P 0
L 4.1587401 6.5243701 4.1587401 6.6629528 3 P 0
L 4.1659448 6.7170472 4.1659448 6.8556299 3 P 0
L 4.1659448 7.1843701 4.1659448 7.3229528 3 P 0
L 4.2087401 5.2049606 4.2087401 5.3435433 3 P 0
L 4.2087401 5.6722835 4.2087401 5.8108662 3 P 0
L 4.4506693 6.1956299 4.4506693 6.5243701 3 P 0
L 4.457874 6.8556299 4.457874 7.1843701 3 P 0
L 4.4675 6.1907132 4.4675 6.4607132 2 P 0
L 4.4675 6.1907132 5.2525 6.1907132 2 P 0
L 4.4675 6.4607132 5.2525 6.4607132 2 P 0
L 4.4875 6.865 4.4875 7.135 2 P 0
L 4.4875 6.865 5.2725 6.865 2 P 0
L 4.4875 7.135 5.2725 7.135 2 P 0
L 4.5006693 5.3435433 4.5006693 5.6722835 3 P 0
L 4.5425 5.395 4.5425 5.665 2 P 0
L 4.5425 5.395 5.3275 5.395 2 P 0
L 4.5425 5.665 5.3275 5.665 2 P 0
L 4.772126 4.3191732 4.772126 4.3408268 2 P 0
L 4.772126 4.3191732 4.7918111 4.3191732 2 P 0
L 4.772126 4.3408268 4.7918111 4.3408268 2 P 0
L 4.7762992 4.1491732 4.7762992 4.1708268 2 P 0
L 4.7762992 4.1491732 4.7959843 4.1491732 2 P 0
L 4.7762992 4.1708268 4.7959843 4.1708268 2 P 0
L 4.7893111 4.3133306 4.8226337 4.3466532 4 P 0 ;0,1=0,2=0.000000
L 4.7893111 4.3299919 4.8226337 4.3299919 4 P 0 ;0,1=0,2=0.000000
L 4.7893111 4.3466532 4.8226337 4.3133306 4 P 0 ;0,1=0,2=0.000000
L 4.7918111 4.3034252 4.7918111 4.3565748 2 P 0
L 4.7918111 4.3034252 4.9040157 4.3034252 2 P 0
L 4.7918111 4.3167126 4.8050985 4.3034252 2 P 0
L 4.7918111 4.3191732 4.7918111 4.3408268 2 P 0
L 4.7918111 4.3432874 4.8050985 4.3565748 2 P 0
L 4.7918111 4.3565748 4.9040157 4.3565748 2 P 0
L 4.7959843 4.1334252 4.7959843 4.1865748 2 P 0
L 4.7959843 4.1334252 4.9081889 4.1334252 2 P 0
L 4.7959843 4.1491732 4.7959843 4.1708268 2 P 0
L 4.7959843 4.1865748 4.9081889 4.1865748 2 P 0
L 4.8059724 4.3133306 4.8059724 4.3466532 4 P 0 ;0,1=0,2=0.000000
L 4.8949015 4.1334252 4.9081889 4.1467126 2 P 0
L 4.8949015 4.1865748 4.9081889 4.1732874 2 P 0
L 4.9006921 4.1800016 4.9006921 4.1600081 5 P 0 ;0,1=0,2=180.000000
L 4.9040157 4.3034252 4.9040157 4.3565748 2 P 0
L 4.9040157 4.3191732 4.9040157 4.3408268 2 P 0
L 4.9040157 4.3191732 4.9237008 4.3191732 2 P 0
L 4.9040157 4.3408268 4.9237008 4.3408268 2 P 0
L 4.9081889 4.1334252 4.9081889 4.1865748 2 P 0
L 4.9081889 4.1491732 4.9081889 4.1708268 2 P 0
L 4.9081889 4.1491732 4.927874 4.1491732 2 P 0
L 4.9081889 4.1708268 4.927874 4.1708268 2 P 0
L 4.9106889 4.1600081 4.8906954 4.1800016 5 P 0 ;0,1=0,2=180.000000
L 4.9106889 4.1700048 4.8906954 4.1700048 5 P 0 ;0,1=0,2=180.000000
L 4.9106889 4.1800016 4.8906954 4.1600081 5 P 0 ;0,1=0,2=180.000000
L 4.9194094 4.4268437 4.9194094 4.5394421 1 P 0
L 4.9194094 4.4268437 4.9705906 4.4268437 1 P 0
L 4.9194094 4.5394421 4.9705906 4.5394421 1 P 0
L 4.9237008 4.3191732 4.9237008 4.3408268 2 P 0
L 4.927874 4.1491732 4.927874 4.1708268 2 P 0
L 4.933189 4.4268437 4.9705906 4.4642453 1 P 0
L 4.9705906 4.4268437 4.9705906 4.5394421 1 P 0
L 5.1862992 4.516063 5.1862992 4.5829921 1 P 0
L 5.1862992 4.516063 5.2237008 4.516063 1 P 0
L 5.1862992 4.5829921 5.2237008 4.5829921 1 P 0
L 5.2237008 4.516063 5.2237008 4.5829921 1 P 0
L 5.2525 6.1907132 5.2525 6.4607132 2 P 0
L 5.2685434 6.1644095 5.2685434 6.6388189 3 P 0
L 5.2685434 6.1644095 5.7598819 6.1644095 3 P 0
L 5.2685434 6.6388189 5.7598819 6.6388189 3 P 0
L 5.2725 6.865 5.2725 7.135 2 P 0
L 5.3275 5.395 5.3275 5.665 2 P 0
L 5.572756 6.0258268 5.572756 6.1644095 3 P 0
L 5.572756 6.0258268 5.6928347 6.0258268 3 P 0
L 5.572756 6.1644095 5.6928347 6.1644095 3 P 0
L 5.572756 6.6388189 5.572756 6.7774016 3 P 0
L 5.572756 6.6388189 5.6928347 6.6388189 3 P 0
L 5.572756 6.7774016 5.6928347 6.7774016 3 P 0
L 5.6115866 4.268308 5.6115866 4.431694 2 P 0
L 5.6115866 4.268308 5.7749726 4.268308 2 P 0
L 5.6115866 4.431694 5.7749726 4.431694 2 P 0
L 5.6501635 2.4384252 5.6501635 3.7533858 3 P 0
L 5.6735928 4.6194095 5.6735928 4.6568115 1 P 0
L 5.6735928 4.6194095 5.7385548 4.6194095 1 P 0
L 5.6735928 4.6568115 5.7385548 4.6568115 1 P 0
L 5.6928347 6.0258268 5.6928347 6.1644095 3 P 0
L 5.6928347 6.6388189 5.6928347 6.7774016 3 P 0
L 5.724459 4.3976219 5.7444525 4.3976219 5 P 0 ;0,1=0,2=270.000000
L 5.724459 4.4076187 5.7444525 4.3876252 5 P 0 ;0,1=0,2=270.000000
L 5.7249726 4.431694 5.7749726 4.381694 2 P 0
L 5.7344558 4.4076187 5.7344558 4.3876252 5 P 0 ;0,1=0,2=270.000000
L 5.7385548 4.6194095 5.7385548 4.6568115 1 P 0
L 5.7444525 4.4076187 5.724459 4.3876252 5 P 0 ;0,1=0,2=270.000000
L 5.7598819 6.1644095 5.7598819 6.6388189 3 P 0
L 5.7598819 6.3516142 5.7598819 6.4516142 3 P 0
L 5.7598819 6.3516142 5.8209056 6.3516142 3 P 0
L 5.7598819 6.4516142 5.8209056 6.4516142 3 P 0
L 5.7749726 4.268308 5.7749726 4.431694 2 P 0
L 5.816298 4.955944 5.816298 5.020906 1 P 0
L 5.816298 4.955944 5.8537 4.955944 1 P 0
L 5.816298 5.020906 5.8537 5.020906 1 P 0
L 5.8209056 6.3516142 5.8209056 6.4516142 3 P 0
L 5.8537 4.955944 5.8537 5.020906 1 P 0
L 5.8727954 6.64744 5.8727954 6.702558 1 P 0
L 5.8727954 6.64744 5.9594094 6.64744 1 P 0
L 5.8727954 6.702558 5.9594094 6.702558 1 P 0
L 5.87433 6.1796046 5.87433 6.2012566 1 P 0
L 5.87433 6.1796046 5.91567 6.1796046 1 P 0
L 5.87433 6.2012566 5.91567 6.2012566 1 P 0
L 5.8979114 4.9575192 5.8979114 5.0224812 1 P 0
L 5.8979114 4.9575192 5.9353134 4.9575192 1 P 0
L 5.8979114 5.0224812 5.9353134 5.0224812 1 P 0
L 5.90933 6.2411406 5.90933 6.2627926 1 P 0
L 5.90933 6.2411406 5.95067 6.2411406 1 P 0
L 5.90933 6.2627926 5.95067 6.2627926 1 P 0
L 5.91567 6.1796046 5.91567 6.2012566 1 P 0
L 5.92484 3.212664 5.92484 3.342664 2 P 0
L 5.92484 3.212664 5.99484 3.212664 2 P 0
L 5.92484 3.342664 5.99484 3.342664 2 P 0
L 5.9353134 4.9575192 5.9353134 5.0224812 1 P 0
L 5.937874 6.411492 5.937874 6.568974 1 P 0
L 5.937874 6.411492 6.095354 6.411492 1 P 0
L 5.937874 6.568974 6.095354 6.568974 1 P 0
L 5.95067 6.2411406 5.95067 6.2627926 1 P 0
L 5.9594094 6.64744 5.9594094 6.702558 1 P 0
L 5.9813008 4.9575208 5.9813008 5.0224828 1 P 0
L 5.9813008 4.9575208 6.0187028 4.9575208 1 P 0
L 5.9813008 5.0224828 6.0187028 5.0224828 1 P 0
L 5.9827374 6.105508 5.9827374 6.146848 1 P 0
L 5.9827374 6.105508 6.0043894 6.105508 1 P 0
L 5.9827374 6.146848 6.0043894 6.146848 1 P 0
L 5.99484 3.212664 5.99484 3.342664 2 P 0
L 6.0043894 6.105508 6.0043894 6.146848 1 P 0
L 6.0187028 4.9575208 6.0187028 5.0224828 1 P 0
L 6.0441734 6.10976 6.0441734 6.1511 1 P 0
L 6.0441734 6.10976 6.0658254 6.10976 1 P 0
L 6.0441734 6.1511 6.0658254 6.1511 1 P 0
L 6.0525212 5.8963 6.0525212 5.9337 1 P 0
L 6.0525212 5.8963 6.1174812 5.8963 1 P 0
L 6.0525212 5.9337 6.1174812 5.9337 1 P 0
L 6.055383 6.6941732 6.055383 6.7158252 1 P 0
L 6.055383 6.6941732 6.096721 6.6941732 1 P 0
L 6.055383 6.7158252 6.096721 6.7158252 1 P 0
L 6.0593309 5.8391735 6.0593309 5.8608275 1 P 0
L 6.0593309 5.8391735 6.1006689 5.8391735 1 P 0
L 6.0593309 5.8608275 6.1006689 5.8608275 1 P 0
L 6.0643309 5.7591735 6.0643309 5.7808275 1 P 0
L 6.0643309 5.7591735 6.1056689 5.7591735 1 P 0
L 6.0643309 5.7808275 6.1056689 5.7808275 1 P 0
L 6.0658254 6.10976 6.0658254 6.1511 1 P 0
L 6.0762988 4.95752 6.0762988 5.022482 1 P 0
L 6.0762988 4.95752 6.1137008 4.95752 1 P 0
L 6.0762988 5.022482 6.1137008 5.022482 1 P 0
L 6.0805922 5.4443303 6.0805922 5.4856683 1 P 0
L 6.0805922 5.4443303 6.1022442 5.4443303 1 P 0
L 6.0805922 5.4856683 6.1022442 5.4856683 1 P 0
L 6.095354 6.411492 6.095354 6.568974 1 P 0
L 6.096721 6.6941732 6.096721 6.7158252 1 P 0
L 6.1006689 5.8391735 6.1006689 5.8608275 1 P 0
L 6.1022442 5.4443303 6.1022442 5.4856683 1 P 0
L 6.1056689 5.7591735 6.1056689 5.7808275 1 P 0
L 6.111614 6.014174 6.111614 6.035826 1 P 0
L 6.111614 6.014174 6.152954 6.014174 1 P 0
L 6.111614 6.035826 6.152954 6.035826 1 P 0
L 6.1137008 4.95752 6.1137008 5.022482 1 P 0
L 6.1174812 5.8963 6.1174812 5.9337 1 P 0
L 6.144174 6.5493308 6.144174 6.5906708 1 P 0
L 6.144174 6.5493308 6.165826 6.5493308 1 P 0
L 6.144174 6.5906708 6.165826 6.5906708 1 P 0
L 6.152954 6.014174 6.152954 6.035826 1 P 0
L 6.165826 6.5493308 6.165826 6.5906708 1 P 0
L 6.1712988 4.959326 6.1712988 5.024288 1 P 0
L 6.1712988 4.959326 6.2087008 4.959326 1 P 0
L 6.1712988 5.024288 6.2087008 5.024288 1 P 0
L 6.183662 5.317162 6.183662 5.710864 1 P 0
L 6.183662 5.317162 6.577362 5.317162 1 P 0
L 6.183662 5.710864 6.577362 5.710864 1 P 0
L 6.195 6.17287 6.195 6.227988 1 P 0
L 6.195 6.17287 6.281614 6.17287 1 P 0
L 6.195 6.227988 6.281614 6.227988 1 P 0
L 6.2087008 4.959326 6.2087008 5.024288 1 P 0
L 6.214174 6.5493308 6.214174 6.5906708 1 P 0
L 6.214174 6.5493308 6.235826 6.5493308 1 P 0
L 6.214174 6.5906708 6.235826 6.5906708 1 P 0
L 6.222088 3.227656 6.222088 3.357656 2 P 0
L 6.222088 3.227656 6.292088 3.227656 2 P 0
L 6.222088 3.357656 6.292088 3.357656 2 P 0
L 6.235826 6.5493308 6.235826 6.5906708 1 P 0
L 6.248544 4.95775 6.248544 5.022712 1 P 0
L 6.248544 4.95775 6.285946 4.95775 1 P 0
L 6.248544 5.022712 6.285946 5.022712 1 P 0
L 6.27933 6.277322 6.27933 6.298974 1 P 0
L 6.27933 6.277322 6.320668 6.277322 1 P 0
L 6.27933 6.298974 6.320668 6.298974 1 P 0
L 6.281614 6.17287 6.281614 6.227988 1 P 0
L 6.285946 4.95775 6.285946 5.022712 1 P 0
L 6.28933 5.879174 6.28933 5.900826 1 P 0
L 6.28933 5.879174 6.330668 5.879174 1 P 0
L 6.28933 5.900826 6.330668 5.900826 1 P 0
L 6.292088 3.227656 6.292088 3.357656 2 P 0
L 6.320668 6.277322 6.320668 6.298974 1 P 0
L 6.330668 5.879174 6.330668 5.900826 1 P 0
L 6.334094 4.3698386 6.334094 4.4977906 1 P 0
L 6.334094 4.3698386 6.399054 4.3698386 1 P 0
L 6.334094 4.4977906 6.399054 4.4977906 1 P 0
L 6.364174 5.8924784 6.364174 5.9338164 1 P 0
L 6.364174 5.8924784 6.385826 5.8924784 1 P 0
L 6.364174 5.9338164 6.385826 5.9338164 1 P 0
L 6.385432 5.0889738 6.385432 5.1263738 1 P 0
L 6.385432 5.0889738 6.450392 5.0889738 1 P 0
L 6.385432 5.1263738 6.450392 5.1263738 1 P 0
L 6.385826 5.8924784 6.385826 5.9338164 1 P 0
L 6.399054 4.3698386 6.399054 4.4977906 1 P 0
L 6.3994092 4.941846 6.3994092 4.9635 1 P 0
L 6.3994092 4.941846 6.4407492 4.941846 1 P 0
L 6.3994092 4.9635 6.4407492 4.9635 1 P 0
L 6.3994092 5.0164165 6.3994092 5.0380705 1 P 0
L 6.3994092 5.0164165 6.4407492 5.0164165 1 P 0
L 6.3994092 5.0380705 6.4407492 5.0380705 1 P 0
L 6.4407492 4.941846 6.4407492 4.9635 1 P 0
L 6.4407492 5.0164165 6.4407492 5.0380705 1 P 0
L 6.450392 5.0889738 6.450392 5.1263738 1 P 0
L 6.46752 4.3714526 6.46752 4.4994046 1 P 0
L 6.46752 4.3714526 6.53248 4.3714526 1 P 0
L 6.46752 4.4994046 6.53248 4.4994046 1 P 0
L 6.4725952 5.15165 6.4725952 5.192988 1 P 0
L 6.4725952 5.15165 6.4942472 5.15165 1 P 0
L 6.4725952 5.192988 6.4942472 5.192988 1 P 0
L 6.4942472 5.15165 6.4942472 5.192988 1 P 0
L 6.4993312 6.3418872 6.4993312 6.3635392 1 P 0
L 6.4993312 6.3418872 6.5406692 6.3418872 1 P 0
L 6.4993312 6.3635392 6.5406692 6.3635392 1 P 0
L 6.5016172 6.279604 6.5016172 6.301256 1 P 0
L 6.5016172 6.279604 6.5429552 6.279604 1 P 0
L 6.5016172 6.301256 6.5429552 6.301256 1 P 0
L 6.520158 3.2225 6.520158 3.3525 2 P 0
L 6.520158 3.2225 6.590158 3.2225 2 P 0
L 6.520158 3.3525 6.590158 3.3525 2 P 0
L 6.53248 4.3714526 6.53248 4.4994046 1 P 0
L 6.5406692 6.3418872 6.5406692 6.3635392 1 P 0
L 6.5429552 6.279604 6.5429552 6.301256 1 P 0
L 6.549174 5.15433 6.549174 5.195668 1 P 0
L 6.549174 5.15433 6.570826 5.15433 1 P 0
L 6.549174 5.195668 6.570826 5.195668 1 P 0
L 6.570826 5.15433 6.570826 5.195668 1 P 0
L 6.577362 5.317162 6.577362 5.710864 1 P 0
L 6.589174 4.4193304 6.589174 4.4606684 1 P 0
L 6.589174 4.4193304 6.610826 4.4193304 1 P 0
L 6.589174 4.4606684 6.610826 4.4606684 1 P 0
L 6.590158 3.2225 6.590158 3.3525 2 P 0
L 6.610826 4.4193304 6.610826 4.4606684 1 P 0
L 6.6651204 6.146414 6.6651204 6.62043 1 P 0
L 6.6651204 6.146414 7.2836244 6.146414 1 P 0
L 6.6651204 6.62043 7.2836244 6.62043 1 P 0
L 6.70811 4.362166 6.70811 4.507834 1 P 0
L 6.70811 4.362166 6.97189 4.362166 1 P 0
L 6.70811 4.507834 6.97189 4.507834 1 P 0
L 6.7613804 5.37744 6.7613804 5.41878 1 P 0
L 6.7613804 5.37744 6.7830324 5.37744 1 P 0
L 6.7613804 5.41878 6.7830324 5.41878 1 P 0
L 6.7830324 5.37744 6.7830324 5.41878 1 P 0
L 6.7835434 3.2705906 6.7835434 3.745 3 P 0
L 6.7835434 3.2705906 7.2748819 3.2705906 3 P 0
L 6.7835434 3.745 7.2748819 3.745 3 P 0
L 6.7863386 4.0861343 6.7863386 4.1274723 1 P 0
L 6.7863386 4.0861343 6.8079906 4.0861343 1 P 0
L 6.7863386 4.1274723 6.8079906 4.1274723 1 P 0
L 6.8060226 5.9129506 6.8060226 5.9779106 1 P 0
L 6.8060226 5.9129506 6.9339766 5.9129506 1 P 0
L 6.8060226 5.9779106 6.9339766 5.9779106 1 P 0
L 6.8079906 4.0861343 6.8079906 4.1274723 1 P 0
L 6.814174 5.3793303 6.814174 5.4206683 1 P 0
L 6.814174 5.3793303 6.835826 5.3793303 1 P 0
L 6.814174 5.4206683 6.835826 5.4206683 1 P 0
L 6.835826 5.3793303 6.835826 5.4206683 1 P 0
L 6.8513386 4.0861343 6.8513386 4.1274723 1 P 0
L 6.8513386 4.0861343 6.8729906 4.0861343 1 P 0
L 6.8513386 4.1274723 6.8729906 4.1274723 1 P 0
L 6.8533846 5.6843292 6.8533846 5.7256692 1 P 0
L 6.8533846 5.6843292 6.8750386 5.6843292 1 P 0
L 6.8533846 5.7256692 6.8750386 5.7256692 1 P 0
L 6.8729906 4.0861343 6.8729906 4.1274723 1 P 0
L 6.8750386 5.6843292 6.8750386 5.7256692 1 P 0
L 6.884174 5.4093292 6.884174 5.4506672 1 P 0
L 6.884174 5.4093292 6.905826 5.4093292 1 P 0
L 6.884174 5.4506672 6.905826 5.4506672 1 P 0
L 6.905826 5.4093292 6.905826 5.4506672 1 P 0
L 6.9263386 4.0861343 6.9263386 4.1274723 1 P 0
L 6.9263386 4.0861343 6.9479906 4.0861343 1 P 0
L 6.9263386 4.1274723 6.9479906 4.1274723 1 P 0
L 6.9339766 5.9129506 6.9339766 5.9779106 1 P 0
L 6.9479906 4.0861343 6.9479906 4.1274723 1 P 0
L 6.954174 5.4093292 6.954174 5.4506692 1 P 0
L 6.954174 5.4093292 6.975828 5.4093292 1 P 0
L 6.954174 5.4506692 6.975828 5.4506692 1 P 0
L 6.97189 4.362166 6.97189 4.507834 1 P 0
L 6.975828 5.4093292 6.975828 5.4506692 1 P 0
L 6.979174 5.56744 6.979174 5.60878 1 P 0
L 6.979174 5.56744 7.000828 5.56744 1 P 0
L 6.979174 5.60878 7.000828 5.60878 1 P 0
L 6.9812992 3.98252 6.9812992 4.047482 1 P 0
L 6.9812992 3.98252 7.0187012 3.98252 1 P 0
L 6.9812992 4.047482 7.0187012 4.047482 1 P 0
L 7.000828 5.56744 7.000828 5.60878 1 P 0
L 7.011024 5.9129494 7.011024 5.9779094 1 P 0
L 7.011024 5.9129494 7.138978 5.9129494 1 P 0
L 7.011024 5.9779094 7.138978 5.9779094 1 P 0
L 7.0187012 3.98252 7.0187012 4.047482 1 P 0
L 7.0613 4.4075194 7.0613 4.4724814 1 P 0
L 7.0613 4.4075194 7.0987 4.4075194 1 P 0
L 7.0613 4.4724814 7.0987 4.4724814 1 P 0
L 7.084174 3.98122 7.084174 4.022558 1 P 0
L 7.084174 3.98122 7.105826 3.98122 1 P 0
L 7.084174 4.022558 7.105826 4.022558 1 P 0
L 7.087756 3.1320079 7.087756 3.2705906 3 P 0
L 7.087756 3.1320079 7.2078347 3.1320079 3 P 0
L 7.087756 3.2705906 7.2078347 3.2705906 3 P 0
L 7.087756 3.745 7.087756 3.8835827 3 P 0
L 7.087756 3.745 7.2078347 3.745 3 P 0
L 7.087756 3.8835827 7.2078347 3.8835827 3 P 0
L 7.0987 4.4075194 7.0987 4.4724814 1 P 0
L 7.105826 3.98122 7.105826 4.022558 1 P 0
L 7.138978 5.9129494 7.138978 5.9779094 1 P 0
L 7.14252 4.3710233 7.14252 4.4989753 1 P 0
L 7.14252 4.3710233 7.20748 4.3710233 1 P 0
L 7.14252 4.4989753 7.20748 4.4989753 1 P 0
L 7.20748 4.3710233 7.20748 4.4989753 1 P 0
L 7.2078347 3.1320079 7.2078347 3.2705906 3 P 0
L 7.2078347 3.745 7.2078347 3.8835827 3 P 0
L 7.2475205 4.3710234 7.2475205 4.4989774 1 P 0
L 7.2475205 4.3710234 7.3124805 4.3710234 1 P 0
L 7.2475205 4.4989774 7.3124805 4.4989774 1 P 0
L 7.2748819 3.2705906 7.2748819 3.745 3 P 0
L 7.2748819 3.4577953 7.2748819 3.5577953 3 P 0
L 7.2748819 3.4577953 7.3359056 3.4577953 3 P 0
L 7.2748819 3.5577953 7.3359056 3.5577953 3 P 0
L 7.2836244 6.146414 7.2836244 6.62043 1 P 0
L 7.3124805 4.3710234 7.3124805 4.4989774 1 P 0
L 7.3359056 3.4577953 7.3359056 3.5577953 3 P 0
